3.3217595
2.253361
4.4922333
0.9323164
2.4177146
1.3103082
2.8973937
2.7890065
1.3279753
3.3808377
1.6788545
1.9881408
1.9586017
1.9787893
3.003429
1.6566156
1.7086778
4.7642994
0.86240286
4.7050743
1.2766938
2.0769958
1.3584565
2.17922
4.524418
2.7253468
6.5209036
1.6445304
0.71534866
0.70497537
2.421968
1.7947452
0.84625584
3.5580456
2.0824046
3.0686634
3.2303448
1.3810793
1.4184586
2.7623086
2.164798
5.072784
2.113709
5.11636
5.3189077
2.584504
1.0321428
2.240887
3.086792
3.1618314
4.1883774
1.7714838
2.4570477
3.496301
2.4528913
2.2605622
3.0320113
2.6538055
2.7149467
2.7235017
0.8794778
1.0411094
6.4563084
1.4329816
2.1722767
1.4570049
3.2565045
2.7861698
2.8680952
4.488388
2.4791543
1.0461447
2.2408588
5.657934
6.1535225
1.7810318
4.137909
2.072199
1.0461447
5.897381
6.660058
4.601017
2.4507058
4.5874276
3.4757273
1.2273465
1.4708155
3.850857
2.4291322
5.3193684
4.5243993
0.9467408
1.2144334
0.77233475
1.5086133
1.201454
4.5367994
1.8478203
1.8497009
4.35146
2.748502
4.6526704
2.5932186
1.4863904
2.2786748
5.673752
4.301096
1.4269904
2.0872018
2.3527977
3.0611165
0.84330255
5.92933
1.9052056
1.3103082
4.282366
2.1134207
3.2838185
0.77445596
6.034894
2.8098087
7.048276
2.074919
1.3103082
1.9949259
0.7808867
1.2755281
1.0641289
4.0383577
3.53291
4.064112
0.6580984
4.5323606
4.388856
1.6447958
2.9670627
1.9356755
1.5789907
2.381644
5.8591
2.837655
5.504305
3.6416728
0.94329715
3.3653896
1.150254
5.7530384
4.506049
1.3870817
5.467925
2.7834475
1.0632496
1.3615392
1.3871478
2.841807
3.371633
3.7925892
2.057934
5.653285
0.6792009
4.186863
3.1792142
2.468867
0.89776605
4.569724
0.66988593
1.0461447
2.9723964
5.193335
4.3171606
4.884574
2.259577
4.5291033
2.1469285
4.8657284
4.385847
3.024686
3.7748818
1.5947818
4.1665463
1.7118316
2.3048444
4.118629
1.3203611
1.4389533
4.07324
3.7247143
1.3526212
2.228833
5.0545835
4.4268055
2.8884327
2.0528116
4.758918
2.577564
3.25693
2.2191315
1.7343303
2.909056
3.1942594
4.5437846
3.3457203
5.183302
0.97853386
2.117996
4.19138
2.4960835
4.2756367
4.418495
4.426613
1.0508441
0.677975
5.1993947
1.3262789
2.7505262
4.456871
2.4935544
7.505313
1.8878614
3.3334787
4.0916967
2.979366
2.5001533
2.3462932
1.4948126
2.494705
4.789097
2.3535626
0.75701946
0.91129714
1.5789907
1.4894158
4.213921
3.359945
4.6778536
3.3599133
2.569288
2.0834754
2.8646653
1.4308447
1.0102469
2.5101612
1.0203224
3.1878924
1.4876891
1.0461447
1.7142049
2.43655
2.2590806
3.0669386
1.9949259
2.0431378
4.2489557
0.8566691
2.4790986
0.7527853
2.2513368
2.3768191
2.2134886
4.1072264
3.0492728
1.2369918
4.8799524
4.6314406
0.67860544
1.8955978
1.4831272
2.8046763
2.6574807
5.2237196
1.768119
2.249272
4.176489
2.864194
6.1581883
0.8300447
3.5857832
1.3103082
1.0283536
1.4774219
2.916688
1.3056098
1.285055
2.0255022
1.3209702
5.200685
2.411895
2.1004963
2.3898754
2.6785257
0.65448135
1.0869695
1.6175448
2.4435713
2.2981946
1.0745492
2.4924562
1.9857358
1.5342044
3.9064481
2.7203314
2.6886806
4.1270084
4.3098297
1.038033
2.5132723
4.6734347
1.6061631
2.3663764
2.3882415
1.7788209
2.7996068
5.650077
2.079975
1.8934139
4.1665506
2.0395663
2.110335
4.55954
1.0301604
4.2800517
5.1469393
2.1943672
2.7428358
2.3445199
2.5811098
1.0461447
0.8547129
2.9651077
3.6946166
1.5513922
0.85599196
3.357419
0.9397615
2.5794883
5.2804894
1.6369559
1.4921523
4.6008167
1.2664517
1.635113
4.8291173
7.0091705
1.9751714
2.007416
1.2512584
4.283504
3.28148
2.7807863
3.293931
7.917731
1.5059794
6.458129
0.6573503
2.0991576
3.3752887
2.4500992
4.9784346
1.8956877
1.150254
4.4025364
2.4227695
1.2480639
1.2564948
3.7620726
1.2838129
4.487961
5.1143064
1.8695761
3.033692
1.3169432
2.1524951
4.0840445
4.131027
2.3994658
2.7165148
2.5928268
2.3579752
1.5446957
4.505486
1.297265
1.9867488
1.6127943
1.0461447
2.2408576
3.0311563
1.561592
4.524418
4.4352694
3.5055792
5.143216
4.7618923
0.71051604
1.8987163
0.8792035
4.8217845
0.74250275
5.4070888
1.634126
4.5778522
4.1093693
2.542131
2.254906
4.9369254
1.5655079
1.877323
4.0602202
1.0529025
1.7354621
4.853917
1.0425234
3.1563401
2.1183438
3.2924998
4.2643185
0.8858343
5.165929
5.908791
2.900802
1.0461447
3.8613389
2.4474418
1.0586797
2.0302293
1.3103082
3.0352705
4.981988
1.9949259
3.4060276
2.8120816
4.5088773
4.7392645
2.8233473
5.0811043
1.9949259
5.8719277
4.4729953
2.011128
2.1154978
3.799153
2.441901
0.68511814
3.4440906
1.5818483
1.1223655
2.0893354
3.2543151
2.2422962
3.2355754
2.774176
2.1535294
1.8324311
2.218327
5.5824456
5.6997128
3.321808
4.4624014
1.5554202
3.2315419
1.472078
1.5521417
2.246531
1.6955516
2.3734667
2.9837492
0.90402645
1.9949259
5.0769777
0.6665953
5.918235
2.5744903
5.1657486
3.6365457
4.325921
1.3877189
4.69967
1.6620059
3.670009
4.243004
3.571586
0.86744267
2.0307372
2.603359
2.9436057
3.9485862
2.1475873
5.203996
2.155373
1.1688229
4.164111
3.5344217
4.2331867
1.2590114
4.6257486
1.4000897
1.3907615
0.7471767
0.7909787
4.0292807
1.3510355
3.7276084
1.2432286
1.332209
4.0428457
3.1347802
1.0461447
2.5028489
1.112258
5.204624
1.4590174
1.0387851
4.6850085
1.0461447
1.504649
4.815056
1.9949259
1.2195086
2.229367
2.542131
2.3549373
1.3824297
1.3103082
2.519297
2.964553
2.3965995
1.0461447
2.5199528
4.5228977
1.8404651
0.7845649
5.664789
1.5650376
2.3905947
1.150254
1.113012
2.9032311
1.5360173
1.0742056
2.8884346
2.468406
1.5193754
1.5498074
1.1570197
1.0988101
3.740238
4.5591297
2.5466564
5.302839
1.9949259
4.6210346
1.8943343
2.3697474
5.0289645
2.9188507
2.032998
2.3727295
1.3654125
4.385406
2.32865
3.9388788
2.8887494
0.8607467
2.9286196
4.5182295
3.3398106
4.445503
2.4159567
4.6395645
4.6154623
1.6629151
1.8899976
1.2736696
0.9415173
1.4377884
1.7440256
0.7703883
5.6484356
3.8826873
5.600216
3.643493
4.4983463
4.6175466
3.0395353
1.0890354
2.4721324
5.5809803
2.021613
1.5469422
1.487096
1.5530087
1.7522441
3.1022518
4.119975
2.442536
1.8157347
2.4294164
3.22389
0.66384745
5.0132046
1.4335139
5.7750206
1.7590333
6.404866
1.8539909
1.4583558
3.7005024
3.3008811
2.7346175
2.022668
1.0071634
2.6051748
1.2065314
0.7053514
0.81963104
4.6348915
0.7851736
1.3556391
0.6449718
3.1131608
2.245441
2.011128
4.6503935
2.4205923
1.184027
4.6255827
1.9545895
4.7466087
4.4974365
5.534976
1.5762391
1.7598313
1.6364352
1.506192
1.7189928
2.097488
2.6538055
3.6530092
4.7045474
4.7417326
2.5973141
3.2792275
1.6620404
3.4158418
4.951385
0.7761092
1.3710634
5.3528614
1.1222061
4.749259
4.6700277
4.7572885
1.7254245
1.3813422
3.2679296
5.4937406
4.199825
4.1828394
1.5848641
1.9949259
1.2012738
4.9153805
3.8547056
1.5311822
2.3197792
2.8842707
6.080267
2.9908254
2.9507568
0.6546655
3.1894958
4.188325
1.6481053
5.6513066
2.878711
0.96034765
1.0024995
4.887149
5.233422
5.44229
2.935372
3.3739178
2.0660307
2.4542358
4.1917806
1.7624692
2.6406572
1.8102684
1.1119853
4.799546
3.7430418
3.4423163
2.4210098
1.9757129
0.98921365
1.6814189
1.3782672
5.2272987
0.67673427
2.8725836
1.6365656
2.1035626
0.7043908
0.8850754
0.97995585
4.5374722
2.6793644
3.207571
1.7386324
1.3187692
4.7297387
1.4977757
5.226698
2.8601613
1.5196198
2.0956943
2.3955648
1.2744864
4.163912
6.015155
1.7490951
1.5615625
2.3058403
2.1714118
4.6485014
4.524418
4.452093
1.7834576
4.1989784
4.094485
1.8584253
1.3921086
2.0889075
1.955747
2.0930672
4.1154466
1.0927823
4.231831
2.729472
2.3201876
2.4688675
3.2689846
4.1939654
1.7128536
2.4550943
0.71416587
0.8169034
5.1999817
4.742532
4.473087
1.7470526
6.03075
4.564401
2.2284386
0.80602247
5.2148485
4.3798866
3.9077542
1.1570197
2.494745
3.8812447
4.124011
7.4316654
3.8676474
2.5290024
3.786184
2.628926
4.6547446
1.5094812
1.7495748
1.4204334
2.8434918
4.533783
3.445585
3.1032286
1.4032906
2.207285
5.0738316
1.1345129
1.9949259
3.4577358
2.3939776
0.743592
3.123625
1.1150043
5.0610485
1.2567266
0.97140133
1.3347117
1.3103082
2.004933
1.7254245
3.0505707
4.367833
2.1453443
4.3993483
3.9746163
1.8823051
3.0684793
1.0839169
5.4802284
1.3486317
1.0461447
0.9868693
0.71361953
2.968567
1.7992407
2.2791584
1.0461447
3.089526
3.0812309
4.0181885
4.955065
0.9736312
2.794208
3.4284277
0.9197403
2.472771
4.228489
1.6096214
2.8783534
1.2295474
2.9070947
1.0461447
0.86920005
4.3989205
1.0663968
4.835153
4.313548
3.7824018
2.441533
0.8838437
4.0957794
1.90791
1.1788863
3.488407
2.1226194
1.3171424
4.152714
1.5172306
4.969034
4.9870234
2.0134294
1.4545914
2.0063298
0.952931
4.151785
2.7718666
5.107362
4.347599
2.7711322
1.4774345
3.7213528
5.2131386
3.2352688
1.7537547
0.73587495
0.85162085
1.1626459
1.5604081
1.3372198
1.5584031
2.5420587
4.4104214
4.3158913
2.7030551
5.69084
4.892351
4.6817594
4.5789857
5.2055073
2.9350967
1.5881126
2.0726998
3.367205
1.3692163
2.855009
1.2420131
1.775857
3.491624
1.5230445
2.5064175
2.8335595
2.6538055
3.5795286
1.0461447
4.524418
1.315071
1.855349
1.3091323
4.0292516
4.3798614
1.3103082
4.7852373
1.0904922
4.0856957
2.0975304
1.1230133
1.8235912
2.956864
2.3331945
4.7925577
2.293562
1.4964893
1.9949259
1.0461447
4.6995645
2.6935275
6.011648
3.479214
2.392351
4.969428
5.426996
1.6792935
3.225879
1.0233411
1.4820921
4.3520603
0.9419661
1.3147212
1.3643473
3.4780407
0.95320815
4.139219
1.0109206
1.4734457
2.973211
1.5607377
4.5305448
2.3696606
2.835306
4.0852184
1.8050581
1.0461447
0.86620957
1.4137113
4.602645
3.6862478
1.896043
0.9569594
2.4202104
3.1406925
1.5045434
6.079644
2.9841974
4.1704288
1.3676407
1.2123975
5.5871134
0.7410575
2.3410978
2.2549477
1.5305942
8.063458
4.7397037
2.578886
0.92331105
4.8129272
0.890831
2.3039284
3.135064
2.5278633
2.988256
2.4106762
2.072199
4.1143465
2.330077
4.433489
1.9543628
1.299026
4.8834357
1.353032
3.303414
5.3514633
1.2047249
5.137765
0.9274991
3.740863
0.99922436
1.8167347
1.7529253
5.0719604
0.92600095
4.4205647
1.0775541
0.87469715
4.2548437
4.1789703
6.055388
2.8969657
2.894241
1.8001329
2.9847157
4.9636707
6.3695364
3.3174298
4.28035
1.9949259
1.1589493
5.015433
1.5669539
1.9443617
5.7479887
1.3810309
5.5045443
3.0268452
4.0393424
1.5656781
4.9276123
1.2837995
2.3478482
1.5420023
1.4892296
2.4352245
1.0499142
5.14795
4.7077384
1.9752932
3.3814418
4.5563545
2.5981314
1.9949259
5.0819926
1.4904289
1.8969837
0.80256027
3.3807209
2.5622852
4.5956535
1.0461447
0.67698807
1.4482672
5.905366
1.5759577
1.3804582
1.1224755
1.4703965
1.4919716
3.4585116
4.727463
5.2050514
0.78084916
0.8157294
1.059269
1.0461447
3.9569843
4.597044
1.4783895
1.5043137
1.9949259
1.3103082
2.7730129
1.0461447
2.488703
3.970895
2.0032547
2.5262728
0.70175284
4.050215
1.4984747
1.2815131
5.1247854
1.5877895
4.5998
4.619704
3.4305108
1.5288622
0.73093325
2.5899794
4.964658
4.033499
1.4312801
2.0271282
1.0588617
4.570912
2.8303382
1.2763771
2.2336957
3.3707426
2.2080595
2.1225712
4.3933096
3.5641117
4.5181155
1.0761784
3.7355564
2.0486493
3.2538772
1.6567901
3.2250607
1.2438065
3.9068449
2.067374
1.5920147
1.150254
4.8016396
3.6343505
2.068736
2.1716907
4.501776
4.0700245
2.5639036
2.0648882
3.6607745
3.1707673
3.9850254
4.0441976
4.170182
1.2944591
2.290777
4.2212715
5.0841284
1.0810373
2.072199
3.7806334
2.7520936
2.2670052
4.069392
4.213921
0.6758056
0.7377123
3.071942
1.5530087
1.2462894
4.8569136
4.0576887
4.3370256
5.1195965
1.1294715
4.733244
2.561229
5.231038
4.027551
3.7343402
2.8787873
4.8384027
0.7626721
2.3841193
1.6078178
4.6592727
2.5446842
1.0705988
5.2445683
3.4909697
2.2518778
4.738494
4.9806657
4.6867657
2.1822271
3.151475
1.2598473
2.8175945
5.270321
2.7445319
5.3923616
2.2621477
2.2530777
4.5162077
3.6166084
4.95683
0.5900382
2.4016979
1.3537906
2.6305125
1.9580356
4.3286657
4.1871996
2.5571768
2.286711
2.34001
4.583175
4.37941
4.856319
1.7019784
4.65341
4.8773775
2.6846244
5.054443
1.2946622
1.7595288
2.0547566
1.0609294
1.5941768
2.6326063
1.280181
2.3246255
1.1487385
4.422484
1.0461447
1.689921
2.646484
3.2617388
4.8385444
0.9373933
0.76907283
1.358582
1.3642098
1.5687288
4.1205606
1.3322257
1.6079682
1.3091323
3.4687488
0.9683033
2.781694
1.5993265
3.9907281
0.6508869
4.591272
1.9970555
1.2048029
4.245511
2.6388793
3.600863
4.934324
4.2861786
5.263039
1.9226674
2.7225163
5.0668116
4.7432976
4.540557
2.235663
3.0794075
5.6977873
3.2431493
1.4986163
2.4741251
2.7473037
1.9404074
3.2790387
2.0919771
2.1957097
2.3142323
1.9949259
5.2612624
2.3120568
2.1008008
4.0809174
4.759334
4.7928576
4.0272775
3.983515
1.0461447
4.9325447
4.171434
5.0625916
5.151465
1.3613697
2.0032547
1.5267266
1.0138397
1.4720665
5.7741337
1.0675164
2.301264
2.7122655
4.7915154
0.6596001
1.031841
4.89715
2.3569784
4.545785
1.6449147
1.7802132
1.3696278
1.9343709
0.797838
4.668082
5.016568
4.1914816
0.76850426
1.8878385
3.090297
1.6706812
3.1928504
1.4298593
1.3103082
1.0019956
5.1703186
0.79209787
1.486815
3.9566977
2.3786023
1.3103082
2.1340911
5.030435
0.741439
1.3750182
2.631266
5.135686
4.0509896
4.213921
4.6087637
3.2082825
2.3535626
1.7189345
2.20485
3.5926569
1.6861014
5.253635
3.2954667
2.1762192
1.5913624
1.4409468
1.2515022
0.7011333
3.0268567
1.7056417
4.742731
0.65944535
1.5754803
2.064668
4.8137636
5.583259
4.4242997
4.7726727
2.4695954
5.1058645
1.3362135
2.4040082
1.6989219
2.3089454
2.6054914
0.78237855
1.5797657
1.7254245
1.662739
1.67913
2.7746992
1.7565738
1.5169451
1.0140101
2.9412081
2.5469096
1.5722073
4.513594
2.3094828
4.411202
5.314646
1.0204298
4.955958
3.5069902
0.9450552
3.5621145
3.8615348
1.9949259
4.3908577
1.9949259
1.3103082
4.5888042
2.6022515
0.87727517
1.719021
2.2696774
1.1489376
0.631333
5.1400943
3.7953532
2.2713678
1.8776
4.2136583
1.5534452
4.9380217
2.1419146
4.7238083
2.6478968
3.0556393
1.0486912
4.7178206
2.140444
5.141614
0.84775525
4.524418
0.91740716
1.2548457
1.980124
1.7469212
2.0073857
4.7622457
2.6564782
1.9580356
4.149209
4.3577867
2.1128852
1.6466166
2.4755256
1.3103082
3.0399506
2.2191584
2.1475391
5.081004
2.0269692
4.2357683
1.2557553
1.8070701
1.5668775
3.3525264
4.5419025
2.1240036
4.0567107
0.88260275
1.1381301
4.6485567
5.5784597
1.4106463
1.3498318
4.393978
4.7459774
2.380141
2.503172
1.8495978
2.265781
4.8148417
1.8137662
1.1436304
1.901569
0.70179677
4.4379272
3.2526822
1.765484
3.9010766
4.0455594
4.2653246
4.931733
2.376798
0.8168945
1.1503152
5.3026347
1.731125
5.5785866
1.9949259
3.7816951
1.305976
1.435237
1.9410423
2.1832283
1.9370894
1.9949259
1.0784962
6.1620073
3.8392394
1.3091323
2.1466696
1.4394566
1.6705426
1.2239131
1.5848752
4.595277
2.9475243
2.454857
5.637949
1.5764643
4.352148
2.4532633
2.9557168
1.8838706
1.7291676
5.0969677
1.2622349
3.5235503
1.0346711
2.9867973
1.8861254
2.4916441
3.2650428
2.8349354
4.9183693
2.6235664
1.9677395
2.4850187
2.0804796
4.8548474
2.0239005
1.2461203
1.3738211
2.418368
1.0461447
5.0156713
3.4734378
3.3459523
3.28132
3.4441183
2.040314
1.4666221
3.569399
1.2429196
2.2987227
4.252759
4.3010883
1.0461447
1.6994706
4.8821383
2.5620184
1.6587608
2.011128
1.9949259
2.9859502
5.7844114
3.514487
6.0579987
1.2701918
2.099199
4.6043234
1.576659
4.7621384
4.812951
5.355335
2.4147336
4.799067
1.4652935
3.691187
1.5736047
2.224491
2.7203848
4.5931005
3.5456784
2.0689256
3.2302387
3.3407
1.2960535
1.6813735
4.6016464
2.5577333
3.3506005
2.4698136
4.0318604
6.3329706
3.8468206
2.0509908
3.6487732
4.7559385
3.800524
2.1419404
2.4474437
1.0871524
1.0837377
1.3103082
2.2393978
3.461583
1.6393648
4.101775
2.4233038
0.8015948
4.380129
5.6652327
1.3888135
1.8543221
1.8014396
1.8610905
2.2388475
4.7978153
2.6582003
4.919924
3.8624609
0.89973164
2.9897468
2.6569982
5.3838663
4.5652437
2.083814
1.8176166
1.6657885
2.4789646
0.8358026
1.0099844
2.2000155
5.2091436
2.563412
4.8585567
3.4458
2.3913138
0.9395583
1.4184785
4.91227
4.011551
2.388214
4.6017456
0.7541017
1.2531486
1.0299015
3.3884492
5.256625
2.2584124
1.4287982
1.55226
1.4451545
1.5352572
1.0444899
1.5893704
5.3630533
4.797439
4.523562
1.981703
1.5428492
2.9259999
1.8412822
1.2451214
3.25303
4.306735
1.4459535
1.7979425
3.2603276
2.2934136
3.330106
1.9322182
1.7539965
2.7039027
4.576625
1.4491547
1.9949259
1.7521248
2.4596963
2.2566755
2.654049
0.8358026
2.294654
2.471738
2.5504568
2.542131
2.8925397
2.2679932
2.9032311
1.7129523
2.8286033
4.5693808
1.3091323
2.3455358
4.343785
2.4823174
1.3403515
2.5510254
1.023826
0.8291766
3.6957977
1.7574445
2.3397105
0.9613995
1.2316082
3.0692444
3.1941514
1.3690943
0.85481256
1.1556941
4.555633
2.785492
1.4724063
5.169779
0.9632389
2.7469423
1.7351474
2.984039
1.2767469
5.363184
2.4937303
5.233114
1.4031985
3.1736443
1.4547704
4.6280584
4.5603456
1.7821149
1.8478363
1.5589346
3.9627576
1.1755497
2.1364872
4.5840845
5.261235
2.7558467
1.6065867
5.1260195
3.3515532
1.3211836
0.8934338
2.1968343
1.897287
4.0957794
3.3461466
4.524418
5.380884
1.927079
2.1129842
1.3007214
2.0509908
1.7661029
0.70302385
1.9872668
4.9795246
1.2840977
5.0706425
4.0791864
1.1996547
2.443982
0.6934927
1.0253382
1.0980912
4.1241817
1.1964339
5.746833
1.6949003
1.588436
2.3619888
4.606392
1.4892608
3.4746897
3.693239
5.5358825
1.2400132
3.544223
2.011375
0.7064667
1.3757297
3.3236363
1.9949259
1.150254
3.5944977
2.3735082
2.6488264
2.8095298
1.7656177
2.8960953
1.0461447
3.0920954
1.4494299
4.3809404
4.9375434
6.1517534
2.3269083
3.0794075
1.8940704
2.1450443
1.1491948
1.0669457
2.421968
2.3819907
2.3028467
2.360501
1.734517
1.3513201
1.235854
2.6173294
1.7081921
3.194152
3.6908524
4.252423
1.096051
1.9121374
5.0331774
1.0461447
4.3763895
0.82740396
3.696559
2.011128
3.5975096
2.6538055
0.6993776
5.2562304
0.9187899
2.3295448
1.0733322
3.984349
1.358323
2.20485
1.5821346
1.6900669
1.6991047
2.559503
2.5641441
3.3759208
3.1815503
2.229932
3.1119416
6.961516
1.9949259
1.4142019
2.5836754
2.2899897
3.4749525
5.386039
1.4132607
6.2685885
5.357377
6.455018
1.898087
4.2258983
4.833191
3.0573585
1.462264
0.81286603
1.4251033
1.590237
5.1441917
2.9272892
0.7037994
3.4689646
5.6670303
1.0718596
1.7851025
1.5891904
2.8475647
2.097838
1.6226984
6.696409
1.0478855
1.0942031
2.3218088
2.005194
5.232503
4.3741407
3.325876
0.7248171
1.5295073
4.7689943
0.73622876
2.4605103
1.0321428
1.9675795
2.4614112
4.8809237
0.68116
4.882223
1.0461447
1.0461447
0.73738295
4.7266884
3.61159
2.6174638
2.1380732
2.7654407
2.315582
4.6777964
3.111288
0.8821135
0.90761346
3.5304487
4.5458117
1.7798377
1.0461447
5.1598625
2.1599371
1.1089664
1.930682
2.0994484
1.2862319
1.0248739
0.6660324
3.2537282
1.0935084
1.5824201
6.7383337
3.6320972
0.75568014
2.1943672
4.144434
0.978598
1.9949259
1.6470922
1.074809
4.8949814
2.421968
2.8257666
4.390132
2.8287473
1.7679762
1.376121
5.991763
1.6597811
4.613117
4.868713
5.430459
4.87
0.8183508
1.5530087
1.6499321
1.6697892
1.9949259
1.3103082
1.4819789
3.8700068
4.7522635
1.0262405
4.515374
2.270448
2.487961
2.3619888
4.2005982
4.6246643
2.3117392
3.3759208
5.4100366
5.313962
4.424167
2.1163619
1.8926615
5.211147
1.2488524
2.1160877
3.0088048
6.7203536
0.9239181
4.717079
3.6570764
0.96188897
4.382451
1.1420851
2.0792258
2.856882
0.86643475
2.028412
1.4846553
0.7518596
1.3024313
2.803011
1.7188756
6.2605877
2.7028496
1.5153975
3.8357427
2.4753478
2.1248856
4.3572783
2.6077063
2.578724
2.5855992
1.566928
4.1216793
3.2799594
3.74992
1.1737416
1.3466715
5.345488
2.6052282
0.9021253
2.1113718
3.7016003
5.4665847
4.6019626
0.7144999
2.4156163
5.0233
4.869529
4.128937
4.228942
1.6045061
5.023467
1.3103082
0.9880117
2.5695565
4.506049
2.4541485
2.3010964
5.185731
2.4835083
0.7631591
1.1411258
3.6724045
4.443415
1.5433211
5.0865893
2.228455
1.1778045
1.839254
1.307993
3.6579254
4.622944
1.5805398
1.0505723
5.6647186
2.0430722
1.4892024
0.76771814
5.8325496
3.350713
1.3024652
5.943089
1.0461447
2.0817878
1.5845659
2.131486
1.0461447
5.40322
3.9552994
3.074239
1.596531
0.78084916
6.365123
1.9356138
4.4561176
4.974601
1.8269517
2.4103942
1.7036188
4.5841055
0.8393861
1.0461447
1.98819
5.0386395
2.427275
0.692488
4.295229
4.3789682
2.7039568
3.3132167
5.455373
4.813483
1.4174615
1.9949259
4.937522
3.171005
2.707143
0.69958615
4.38325
1.9343709
3.0186465
4.7296934
0.8252371
1.3739661
5.0658293
1.9725202
2.1336899
1.9820871
1.0209091
1.0461447
5.6569586
4.998961
4.6941586
2.594158
1.2348241
3.5842016
1.3091323
2.7859027
3.5457475
4.71471
1.5340408
5.2209444
3.4606826
3.5860722
2.879852
4.6275096
4.9674387
1.6792368
0.85599196
2.4770443
0.6757006
3.582344
1.624981
4.9963403
4.110055
2.9768863
3.3376737
3.741823
5.55366
2.124458
7.441971
0.7724479
4.1822357
5.7405524
0.9418692
5.533243
3.1820168
3.0886133
1.1690885
1.9949259
4.9171033
1.0461447
1.5563792
4.58504
3.7441313
4.8264284
2.057934
1.0461447
3.3217456
1.8544909
4.2545233
2.5761693
1.0202007
0.6263105
1.2798444
0.9183056
4.257552
5.115111
1.435237
4.70447
4.8277483
0.77824837
2.0457222
1.0735859
1.6933392
1.3655273
1.2080916
0.86620957
2.424658
3.1027482
5.0545926
0.7228587
3.7564776
1.98819
5.342182
2.3657205
3.4976337
3.1335483
2.0991995
1.3527405
0.80737954
2.7221396
1.4816719
0.7761092
4.524418
2.8725836
1.4666221
2.6118875
4.9394417
1.7292315
6.2901225
1.3216943
3.202988
2.5831642
4.059549
2.3060946
1.4370148
1.8201166
1.608952
3.6838875
4.9055195
1.2363805
0.69593865
3.7757387
1.0444899
2.627907
1.0948532
0.7125852
1.931318
2.934309
1.8414164
3.1717875
1.320784
4.8747864
5.4058056
2.2621477
1.7989696
1.4502934
0.7921596
3.2815092
1.3612899
1.3357005
4.7137017
4.641671
1.3103082
1.1262381
4.997036
4.8720636
4.849378
4.953432
1.9923178
2.515889
2.6785257
2.371855
5.3150687
0.889496
2.5800002
2.990864
1.070227
2.6364439
1.209946
2.4937208
0.65346843
2.209853
1.9166714
1.5086235
3.200062
1.6850368
2.4069135
3.4765806
5.1965103
4.575004
0.99147207
7.6691236
4.738595
3.0240004
3.3060591
1.9693474
0.80038434
3.3467646
2.596568
1.0356516
1.4267384
6.1497583
4.64884
3.1329603
2.8640509
0.68731517
1.1034602
0.9104528
4.505874
0.7672951
3.4064162
1.1979795
1.228264
5.4082327
1.0037664
0.96969086
4.477291
5.541829
1.7138997
3.5559816
4.7807817
2.820705
5.9751253
2.7543907
1.2658712
1.8652383
0.6814969
1.8419863
1.7254245
1.9949259
6.184772
1.3091323
3.1965685
1.6582016
1.4728795
5.7513046
0.7627185
3.677257
2.704636
6.103588
4.9098606
0.8289271
4.957423
1.4453158
5.0050735
1.2396203
5.1282883
0.84614855
1.688473
1.754973
1.394996
2.0710905
1.2685788
5.487774
0.5829544
2.3535626
1.028212
4.403571
3.643401
0.8815165
1.0702595
3.720723
4.465513
0.791297
1.7343303
2.632229
1.4849818
1.3467666
1.7975005
1.7504097
1.8584232
1.0461447
2.5975037
1.7799779
5.1556945
2.8362277
1.4136748
1.0996214
4.088484
4.856319
4.492218
0.6498869
3.5885859
2.4025216
5.1232805
4.645734
3.5967152
2.5873487
1.4253103
5.980081
1.4860536
1.1764852
1.5410804
2.2270224
2.649005
2.1949594
1.3024579
1.4666221
4.826039
1.6055328
1.1884781
4.1856413
3.8635635
0.7131054
4.3589354
2.6001484
2.424631
2.2016554
2.944046
0.8320226
2.4377048
2.2239454
3.387258
3.9264421
0.6770086
0.739302
2.3449185
2.4673188
4.406275
1.7767637
2.9265559
1.3774991
2.8853147
5.363184
2.2979152
1.2911236
6.017314
2.617664
1.3070266
4.2161083
1.6412786
1.8310002
2.9003732
3.2361472
4.861044
1.8937478
1.5043188
4.813034
5.2735443
5.4874015
3.6888597
0.94580334
5.220823
2.2755945
3.4036248
3.997264
6.7383337
3.0357985
0.95491725
2.1672463
2.1653802
0.6928763
1.7684593
2.411895
1.9949259
1.5405551
4.937316
4.6599474
5.5495462
1.4073905
1.0927862
5.457594
2.1252086
1.7781416
1.4449914
2.011128
0.9308849
2.0509908
1.2590114
3.3095713
1.4666586
0.67895263
0.6808538
1.4176223
1.5298661
4.850687
1.4652888
4.528558
2.4675114
2.6850336
4.7658777
1.7661029
1.3706173
2.3734038
2.4202104
4.8868794
3.1405427
0.9731452
0.9018448
1.0559138
1.6505462
1.7241676
2.769662
6.127561
2.0035887
4.1705937
2.3905947
1.7391895
4.025387
1.4683791
3.282835
2.1491797
4.880561
1.7991364
5.4246225
2.3117392
2.0227356
3.9118645
4.769767
2.0318685
5.4937406
4.5488954
2.3159735
4.7769966
1.732164
0.6801586
3.3174958
2.5225537
1.094209
2.388214
0.65457386
2.8665297
2.472771
1.0461447
5.5841246
2.1642013
1.1683573
4.047693
2.5556169
3.7263088
1.8371563
0.7548789
2.689714
1.1289501
3.1884367
1.7951876
5.559622
0.6979137
0.8204741
3.9045362
1.9626881
3.983779
2.6765244
3.2352307
2.590369
1.3688267
2.08993
1.3825849
0.8401981
6.8499346
2.0222883
4.783001
2.9772286
1.0870813
5.0520315
0.84071904
1.7975957
1.3657056
5.1359406
3.0927734
4.01523
5.1073184
2.2064505
4.719129
1.6006004
4.8661013
2.4822748
4.2698507
2.2432046
2.7902339
3.7354105
2.2073581
4.025387
2.65073
5.0339828
1.6956205
0.6713303
5.774315
4.1406612
4.974264
2.7311985
1.1734654
0.7192393
2.0430346
1.4364525
2.083701
3.7653968
4.3291416
2.6115706
2.4078987
1.3088187
2.2760723
2.7693245
2.4403815
2.254669
1.6670672
1.5530087
0.7957976
5.225907
2.0830834
4.1159916
1.3791873
2.304743
2.253682
1.2717015
1.6988426
1.8222926
3.0272195
3.4306383
4.944281
2.2885554
4.524418
3.7962732
2.16562
4.8363457
1.0699027
1.6892627
4.2475224
3.512705
2.3311467
1.6252402
2.0035887
3.5524156
3.8854005
4.642169
2.3816957
2.7216024
4.1144614
4.368514
1.5603085
1.2184894
1.5324408
2.9442325
5.095404
3.3785958
2.050605
5.4800177
1.4004506
0.9911868
1.1197206
4.953414
1.586043
1.7631594
5.4317203
3.4312215
2.8288567
2.3100092
1.437694
0.7641442
5.3425775
1.1937923
5.5409746
1.0921694
1.782292
2.4867365
3.1917195
1.9312595
1.1845306
1.6636906
2.8857603
3.63114
0.87116903
4.2772727
1.1737416
4.8767176
1.7798377
3.0017214
4.692129
1.1287569
2.777959
3.1823277
1.5468838
0.69652915
1.6252637
1.0638949
1.7394271
0.84488386
1.5167403
4.6793385
1.8671824
0.9201593
1.8826356
5.0685163
2.702103
5.6141095
4.477729
1.5521563
5.0873356
1.3607705
2.1495955
5.2873697
5.7195644
4.7543726
1.7347453
5.1145782
2.110644
4.3249226
5.4536643
3.08487
2.7431252
1.3726528
2.391462
4.654454
1.1614385
1.3722142
1.4492168
3.1802719
5.092222
1.5554556
2.0179088
4.5861607
0.7659685
2.0005128
1.9949259
3.7348888
0.68513125
5.2739115
1.4696611
3.7719553
1.521218
1.5248038
3.8528068
1.325641
1.3953859
1.816774
0.77233475
4.581508
3.7211263
1.5827636
1.5777518
1.2370292
3.033692
1.3967973
4.540226
1.5571841
2.072199
2.492211
5.3613453
2.5271554
4.010799
1.577901
4.358407
2.0115464
2.8947175
1.4601862
0.783561
2.5996017
4.5793734
3.9554772
1.3934842
4.9639125
4.599795
1.7570444
2.4705033
5.1690288
1.2508012
2.640835
0.76066744
1.882357
3.2461236
1.2380307
4.6617713
4.415294
2.3180883
4.088376
1.0461447
1.3323658
4.689604
5.996172
2.3619888
2.266545
4.9746566
2.701248
2.600631
0.86620957
1.8773261
4.951524
3.1192584
3.0964606
1.9409035
1.3103082
1.9613367
1.9012618
5.350028
0.7354656
1.0138397
2.5446842
1.7343303
2.703799
4.5866594
2.5162344
4.459922
3.5118575
1.5143615
2.1166103
1.3170296
2.2494636
3.29552
2.2952974
2.756683
1.0030637
2.1258316
2.0802944
5.444702
1.4774015
0.71051604
1.9949259
0.65551573
1.7731843
3.2566109
3.0340703
2.3922558
3.3572745
4.2570763
2.159948
2.2448375
2.0222855
4.3983536
1.4543902
3.438387
1.7227646
1.5835503
2.31822
4.2338343
0.8296936
0.9774386
2.6503775
1.0437074
4.932248
4.1769376
4.994543
2.2754471
5.1930194
1.6980306
3.731612
0.75073785
4.1651535
2.0046902
1.7799176
1.5575813
4.5250463
1.9752932
5.3287654
1.3975502
2.7834475
1.059269
4.9116635
5.2530956
2.9691484
0.75671804
2.1368527
1.7129523
3.5331483
1.4430534
4.9687796
2.3830504
1.9792273
2.474929
1.6677369
2.5185683
3.737802
1.7957584
5.089238
5.918804
0.8909096
5.0939817
2.4050052
5.0056944
5.0552497
1.5427688
4.4243116
3.8429198
1.780506
2.1163614
1.3586488
6.0624356
2.8760962
2.6538055
2.1475625
1.1049386
3.0131311
1.1300644
1.2636546
1.4674929
4.002307
4.6222544
4.2469573
1.6110007
4.69967
2.011128
4.2445874
3.8100326
1.512704
1.9505538
4.9556713
0.80252033
1.3956856
2.6538055
5.4177704
1.305358
5.200484
0.69054
0.90544134
1.5251628
3.168453
5.0375147
1.1300753
0.68962353
1.7860876
1.6198502
1.5115694
4.200976
1.3148288
4.6287
3.7484896
5.6173534
4.339698
2.496925
2.8496928
2.3428712
1.0461447
0.8501416
1.3733945
1.2607468
3.0574298
2.9822392
4.6722527
5.173522
3.566727
0.66618204
1.0461447
0.75525707
4.3685384
0.8809761
3.1479516
1.4955791
1.4962453
4.421759
2.9379995
0.9588255
3.6515915
0.8157294
5.7563276
2.31822
1.1098299
1.0461447
2.24051
2.7229834
5.571458
1.9949259
1.95496
2.7565656
1.9752932
3.699624
2.249114
2.2235327
1.6110663
0.6993045
1.5075392
1.0103773
3.1982129
4.058731
3.9423337
2.297302
5.2250094
2.3551457
2.9112232
0.9083421
2.4937208
1.6307689
3.1259942
1.9949259
5.5066357
2.011128
1.7892677
0.84488386
1.8066577
2.9205954
4.133769
1.5164102
3.9320927
2.6538055
5.1378846
4.0292807
2.5094626
1.715284
2.1371539
1.0030637
1.1755913
2.908346
2.2223532
2.1700008
4.568516
2.2054586
3.6145635
1.0444899
1.056331
4.2255015
1.4265121
7.2665215
1.7479614
3.92318
1.5271668
1.0461447
4.9233336
1.801105
4.625187
1.3534898
1.4236653
3.3933578
1.7615805
1.2254621
1.0641769
0.744528
2.4783957
0.81957465
4.190635
4.749282
3.373578
3.6384575
3.8808596
1.7536922
2.8123257
2.100741
5.4488053
2.2610118
0.959505
3.5470665
1.2227837
1.0461447
1.418956
5.405446
1.5401906
1.3582221
1.3085257
6.7769866
2.337711
3.8590798
3.4573314
1.6679953
5.781563
1.1774095
2.1523597
2.980755
1.0965184
3.048108
0.83272403
3.4631042
3.5255435
0.7500306
2.3078945
2.057934
1.4837834
1.0074252
1.7169931
2.6453636
5.174304
1.853607
4.827894
1.7111712
4.7838974
1.5384873
2.533662
2.355458
5.937579
1.8705953
4.1849113
3.9958477
2.7686555
3.4734588
2.1762192
1.4982272
0.9680148
1.2556237
5.40579
0.936499
4.710211
4.4841957
2.447707
7.8543186
1.8233728
3.2918718
2.303364
4.9121857
3.0030115
0.93295074
4.053314
1.7821149
4.1265135
1.8105626
5.0854783
6.5829144
4.1717567
2.4236536
4.9076796
4.2338104
2.067374
0.57518786
1.3151349
3.0333173
2.579363
1.6447958
3.8956077
2.249272
2.711644
4.944749
3.913547
1.1556941
7.029708
2.002781
5.09297
2.4457872
1.6620404
1.6785609
5.2236633
2.1448526
1.8279502
1.009649
7.8350453
2.3275793
2.775232
1.0461447
1.0869695
5.5077305
7.4296217
3.3253007
4.7004466
4.2610583
2.9366205
4.733209
2.8169448
5.0819254
5.5186586
5.89581
2.7751262
4.3037972
1.1637782
4.765871
4.1814013
5.216816
2.0344613
4.7624545
3.989569
1.6260197
1.2502067
2.0048475
1.6529995
3.0518324
4.3385124
5.632291
1.0800751
1.7731843
2.488703
4.8553166
1.6628224
2.683374
0.80990714
4.630955
2.9392421
0.6983635
1.4666221
1.6230454
1.3816231
5.2865
4.7524137
1.0842412
2.0639992
1.2776183
2.4113624
2.6538055
1.489894
2.8645203
2.1553743
1.6332293
4.027957
6.1550636
3.6512597
4.831647
1.373099
5.294242
1.0461447
2.434086
3.2496521
3.3884296
1.8949128
2.4994495
2.9597147
2.2876067
2.4705293
1.5342044
4.5634623
1.911518
2.749973
3.8776865
5.2632523
4.775776
3.313914
4.7848964
2.2157214
1.2463697
6.068535
5.8496017
1.2355119
2.1040113
1.7770993
2.2318857
1.7215601
1.0122595
2.302551
2.7858586
0.8739648
4.600732
2.7782998
0.9048956
3.3235505
2.8003738
3.1304898
4.539813
2.027212
3.500286
5.478201
1.7245568
5.8951387
5.536807
1.3783122
2.3579917
5.265658
1.0550665
3.1593664
3.0225694
1.0461447
2.3484352
0.75534874
2.6078591
5.47535
0.73425967
3.4656098
1.1755497
0.9048956
2.03195
3.8516061
1.9241941
3.6380746
4.429304
1.8751255
4.7681875
1.4743327
2.0565498
2.7247238
2.837023
1.8436188
3.4944136
1.0461447
4.955065
2.8856652
1.0461447
0.9219433
1.575545
6.1126385
2.0197392
3.3117793
4.2594213
1.774888
4.5203323
1.6447788
1.8135439
2.0504792
4.4593935
2.2596457
1.4206938
4.366297
0.89654434
1.9596853
3.1711795
2.639492
3.4445648
1.4030756
3.528241
0.9084285
3.9786992
4.2521815
1.3636332
3.3761156
1.7253197
4.6389275
2.717276
1.1754323
3.2153988
2.814366
4.0752735
5.8038597
0.7907558
2.4937208
4.427754
4.6143856
1.6529086
1.2933325
1.5054325
2.1710176
2.304743
6.6403303
2.0772321
1.9212877
1.1516958
4.4313416
4.710546
4.864854
5.612247
1.931456
3.6227472
2.6920388
4.5846868
2.0838583
1.0189227
0.6967357
2.359732
1.5125133
4.7070656
5.569937
3.324486
1.9949259
5.4403915
2.0777683
5.1290464
4.418856
3.8291879
2.171016
0.6770086
1.2568002
1.3103082
2.8082626
1.9682419
2.4748564
6.1651554
2.9098155
0.94358057
2.3973768
0.85599196
1.5572706
2.0509908
5.1721625
1.1912216
3.5591037
2.0326843
1.0564405
2.9946008
4.7316284
3.9744015
2.190725
0.68962353
4.457575
6.4343605
2.3319318
1.8509884
2.4524877
1.3610252
3.6996262
4.841092
1.9888512
2.087202
1.8628832
3.5245392
2.9471042
2.376798
4.6943064
2.525525
1.0461447
8.067316
3.8646905
3.9387183
1.1734215
2.072199
6.064187
3.8850253
4.1849113
0.84488386
1.3414556
1.1604887
3.738953
1.0444899
4.2173495
3.008927
4.5418024
2.2498596
3.337075
4.539572
5.194093
2.2148392
1.4786466
1.7217042
4.883641
2.984765
1.8114666
1.3854324
2.4949634
2.3090875
4.9460907
2.3783991
1.7956734
1.7821149
1.4341891
2.2545288
3.310339
3.3133085
2.077664
5.7641144
4.5746098
1.443168
1.3500825
1.1411588
5.365534
1.4887942
0.91061944
4.476177
5.342907
1.6101927
0.70456094
2.5250857
1.3734511
1.8534249
2.5273063
2.6191308
1.5687888
4.525299
1.1680572
5.341123
1.115291
4.9365172
4.581446
4.0596414
1.2869477
1.1904424
3.6820571
1.7821149
2.7693245
4.7862406
3.7543497
0.7686592
2.0509908
2.3619876
1.5849595
4.9693193
3.2283962
5.525271
2.6831381
0.8944029
3.164149
1.0769147
2.5446842
2.9925911
0.72342753
2.0932329
2.701379
3.5754862
2.810621
3.1323662
1.8918335
0.92447263
1.150254
1.7319328
2.379545
2.4286225
2.8174574
2.0553844
1.000269
2.0509908
3.2188685
1.6771412
1.7288967
4.1637774
0.7217487
4.21056
2.0366724
4.8579693
0.9504831
1.8849927
2.3678815
2.5039923
0.8944029
2.474047
5.2869763
4.8263454
2.0466878
1.6574165
3.6497984
5.138708
3.3903353
0.7401255
4.473106
1.2213529
1.7779709
0.94243824
5.8322225
2.7693245
1.8092561
2.057934
8.302491
1.9249512
2.4235277
1.2452012
3.5814078
5.2834034
1.8379351
3.587766
1.8516289
0.94367135
5.1495204
5.0334883
0.838523
1.7827749
2.5349405
4.001943
4.9233904
4.346886
3.5298789
5.6313715
2.0466735
2.693785
0.7803646
1.731515
0.7808867
2.3413846
4.943912
5.4389787
3.8878458
1.7087708
2.8551545
0.71051604
